48 
51 
54 
57 
60 
63 
66 
69 
72 
75   
175  
275  
375  
475  
575  
675  
775  
875  
975  
1075 
1175 
1275 
1375 
1475 
1575 
1675 
1775 
1875 
1975 
2075 
2175 
2275 
2375 
2475 
2575 
2675 
2775 
2875 
2975 
3075 
3175 
3275 
3375 
3475 
3575 
3675 
3775 
3875 
3975 
4075 
4175 
4275 
4375 
4475 
4575 
4675 
4775 
4875 
4975 
5075 
5175 
5275 
5375 
5475 
5575 
5675 
5775 
5875 
5975 
6075 
6175 
6275 
6375 
6475 
6575 
6675 
6775 
6875 
6975 
7075 
7175 
7275 
7375 
7475 
7575 
7675 
7775 
7875 
7975 
8075 
8175 
8275 
8375 
8475 
8575 
8675 
8775 
8875 
8975 
9075 
9175 
9275 
9375 
9475 
9575 
9675 
9775 
9875 
9975 
10075
10175
10275
10375
10475
10575
10675
10775
10900
11400
11900
12400
12900
13400
13900
14400
14900
15400
15900
16400
16900
17400
17900
18400
18900
19400
19900
20400
20900
21400
21900
22400
22900
23400
23900
24400
24900
25400
25900
26400
26900
27400
27900
28400
28900
29400
29900
30400
30900
31400
31900
32400
32900
33400
33900
34400
34900
35400
35900
36400
36900
37400
37900
38400
38900
39400
39900
40400
40900
41400
41900
42400
42900
43400
43900
44400
44900
45400
45900
46400
46900
47400
47900
48400
48900
49400
49900
50400
50900
51400
51900
52400
52900
53400
53900
54400
54900
55400
55900
56400
56900
57400
57900
58400
58900
59400
59900
60400
60900
61400
61900
62400
62900
63400
63900
64400
64900
65400
65900
66400
66900
67400
67900
68400
68900
69400
69900
70400
70900
71400
71900
72400
72900
73400
73900
74400
74900
75400
75900
76400
76900
77400 
78000 
78600 
79200 
79800 
80400 
81000 
81600 
82200 
82800 
83400 
84000 
84600 
85200 
85800 
86400 
87000 
87600 
88200 
88800 
89400 
90000 
90600 
91200 
91800 
92400 
93000 
93600 
94200 
94800 
95400 
96000 
96600 
97200 
97800 
98400 
99000 
99600 
100200
100800
101400
102000
102600
103200
103800
104400
105000
105600
106200
106800
107400
108000
108600
109200
109800
110400
111000
111600
112200
112800
113400
114000
114600
115200
115800
116400
117000
117600
118200
118800
119400
120000
120600
121200
121800
122400
123000
123600
124200
124800
125400
126000
126600
127200
127800
128400
129000
129600
130200
130800
131400
132000
132600
133200
133800
134400
135000
135600
136200
136800
137400
138000
138600
139200
139800
140400
141000
141600
142200
142800
143400
144000
144600
145200
145800
146400
147000
147600
148200
148800
149400
150000
150600
151200
151800
152400
153000
153600
154200
154800
155400
156000
156600
157200
157800
158400
159000
159600
160200
160800
161400
162000
162600
163200
163800
164400
165000
165600
166200
166800
170000
170770
171540
172310
173080
173850
174620
175390
176160
176930
177700
178470
179240
180010
180780
181550
182320
183090
183860
184630
185400
186170
186940
187710
188480
189250
190020
190790
191560
192330
193100
193870
194640
195410
196180
196950
197720
198490
199260
200030
200800
201570
202340
203110
203880
204650
205420
206190
206960
207730
208500
209270
210040
210810
211580
212350
213120
213890
214660
215430
216200
216970
217740
218510
219280
220050
220820
221590
222360
223130
223900
224670
225440
226210
226980
227750
228520
229290
230060
230830
231600
232370
233140
233910
234680
235450
236220
236990
237760
238530
239300
240070
240840
241610
242380
243150
243920
244690
245460
246230
247000
247770
248540
249310
250080
250850
251620
252390
253160
253930
254700
255470
256240
257010
257780
258550
259320
260090
260860
261630
262400
263170
263940
264710
265480
266250
267020
267790
268560
269330
270100
270870
271640
272410
273180
273950
274720
275490
276260
277030
277800
278570
279340
280110
280880
281650
282420
283190
283960
284730
285500
286270
287040
287810
288580
289350
290120
290890
291660
292430
293200
293970
294740
295510
296280
297050
297820
298590
299360
300130
300900
301670
302440
303210
303980
304750
305520
306290
307060
307830
308600
309370
310140
310910
311680
312450
313220
313990
314760
315530
316300
317070
317840
318610
319380
320150
320920
321690
322460
323230
324000
324770
325540
326310
327080
327850
328620
329390
330160
330930
331700
332470
333240
334010
334780
335550
336320
337090
337860
338630
339400
340170
340940
341710
342480
343250
344020
344790
345560
346330
347100
347870
348640
349410
350180
350950
351720
352490
353260
354030
354800
355570
356340
357110
357880
358650
359420
360190
360960
361730
362500
363270
364040
364810
365580
366350
367120
367890
368660
369430
370200
370970
371740
372510
373280
374050
374820
375590
376360
377130
377900
378670
379440
380210
380980
381750
382520
383290
384060
384830
385600
386370
387140
387910
388680
389450
390220
390990
391760
392530
393300
394070
394840
395610
396380
397150
397920
398690
399460
400230
401000
401770
402540
403310
404080
404850
405620
406390
407160
407930
408700
409470
410240
411010
411780
412550
413320
414090
414860
415630
416400
417170
417940
418710
419480
420250
421020
421790
422560
423330
424100
424870
425640
426410
427180
427950
428720
429490
430260
431030
431800
432570
433340
434110
434880
435650
436420
437190
437960
438730
439500
440270
441040
441810
442580
443350
444120
444890
445660
446430
447200
447970
448740
449510
450280
451050
451820
452590
453360
454130
454900
455670
456440
457210
457980
458750
459520
460290
461060
461830
462600
463370
464140
464910
465680
466450
467220
467990
468760
469530
470300
471070
471840
472610
473380
474150
474920
475690
476460
477230
478000
478770
479540
480310
481080
481850
482620
483390
484160
484930
485700
486470
487240
488010
488780
489550
490320
491090
491860
492630
493400
494170
494940
495710
496480
497250
498020
498790
499560
500330
501100
501870
502640
503410
504180
504950
505720
506490
507260
508030
508800
509570
510340
511110
511880
512650
513420
514190
514960
515730
516500
517270
518040
518810
519580
520350
521120
521890
522660
523430
524200
524970
525740
526510
527280
528050
528820
529590
530360
531130
531900
532670
533440
534210
534980
535750
536520
537290
538060
538830
539600
540370
541140
541910
542680
543450
544220
544990
545760
546530
547300
548070
548840
549610
550380
551150
551920
552690
553460
554230
555000
555770
556540
557310
558080
558850
559620
560390
561160
561930
562700
563470
564240
565010
565780
566550
567320
568090
568860
569630
570400
571170
571940
572710
573480
574250
575020
575790
576560
577330
578100
578870
579640
580410
581180
581950
582720
583490
584260
585030
585800
586570
587340
588110
588880
589650
590420
591190
591960
592730
593500
594270
595040
595810
596580
597350
598120
598890
599660
600430
601200
601970
602740
603510
604280
605050
605820
606590
607360
608130
608900
609670
610440
611210
611980
612750
613520
614290
615060
615830
616600
617370
618140
618910
619680
620450
621220
621990
622760
623530
624300
625070
625840
626610
627380
628150
628920
629690
630298